0	296
0	295
1	644
1	712
2	1000
2	1043
3	1365
3	1297
4	1655
4	1570
5	1954
5	1812
6	2394
6	2150
7	2848
7	2455
0	200
0	200
0	200
0	180
1	353
1	369
1	350
1	298
2	590
2	570
2	570
2	510
3	870
3	825
3	846
3	835
4	1138
4	1097
4	1094
4	1150
5	1425
5	1440
5	1345
5	1520
6	1740
6	1735
6	1640
6	1900
7	2010
7	2120
7	1910
7	2260
8	2270
8	2410
8	2140
8	2540

# shelttikolmikko.blogspot.fi/p/viva.html

#0	240
#1	417
#2	670
#3	845
#4	1180
#5	1540
#6	1965
#7	2380
#8	2465
#9	2600
#10	2820
#11	2780
#12	3180
#14	3750
#16	4200

# vääristys

8 2564
8 2564
8 2564
8 2564
8 2564
8 2564
8 2564
8 2564
8 2564
8 2564
8 2564
8 2564
8 2564
8 2564
8 2564
8 2564
8 2564
8 2564
8 2564
8 2564
8 2564
8 2564
8 2564
8 2564
8 2564
8 2564
8 2564
8 2564
8 2564
8 2564
8 2564
8 2564
8 2564
8 2564
8 2564
8 2564
8 2564
8 2564
8 2564
8 2564
8 2564
8 2564
8 2564
8 2564
8 2564
8 2564
8 2564
8 2564
8 2564
8 2564
8 2564
8 2564
8 2564
8 2564
8 2564
8 2564
8 2564
8 2564
8 2564
8 2564
8 2564
8 2564
8 2564
8 2564
8 2564
8 2564
8 2564
8 2564
8 2564
8 2564
8 2564
8 2564
8 2564
8 2564
8 2564
8 2564
8 2564
8 2564
8 2564
8 2564
8 2564
8 2564
8 2564
8 2564
8 2564
8 2564
8 2564
8 2564
8 2564
8 2564
8 2564
8 2564
8 2564
8 2564
8 2564
8 2564
8 2564
8 2564
8 2564
8 2564
8 2564
8 2564
8 2564
8 2564
8 2564
8 2564
8 2564
8 2564
8 2564
8 2564
8 2564
8 2564
8 2564
8 2564
8 2564
8 2564
8 2564
8 2564
8 2564
8 2564
8 2564
8 2564
8 2564
8 2564
8 2564
8 2564
8 2564
8 2564
8 2564
8 2564
8 2564
8 2564
8 2564
8 2564
8 2564
8 2564
8 2564
8 2564
8 2564
8 2564
8 2564
8 2564
8 2564
8 2564
8 2564
8 2564
8 2564
8 2564
8 2564
8 2564
8 2564
8 2564
8 2564
8 2564
8 2564
8 2564
8 2564
8 2564
8 2564
8 2564
8 2564
8 2564
8 2564
8 2564
8 2564
8 2564
8 2564
8 2564
8 2564
8 2564
8 2564
8 2564
8 2564
8 2564
8 2564
8 2564
8 2564
8 2564
8 2564
8 2564
8 2564
8 2564
8 2564
8 2564
8 2564
8 2564
8 2564
8 2564
8 2564
8 2564
8 2564
8 2564
8 2564
8 2564
8 2564
8 2564
8 2564
8 2564
8 2564
8 2564
8 2564
8 2564
8 2564
8 2564
8 2564
8 2564
8 2564
8 2564
8 2564
8 2564
8 2564
8 2564
8 2564
8 2564
8 2564
8 2564
8 2564
8 2564
8 2564
8 2564
8 2564
8 2564
8 2564
8 2564
8 2564
8 2564
8 2564
8 2564
8 2564
8 2564
8 2564
8 2564
8 2564
8 2564
8 2564
8 2564
8 2564
8 2564
8 2564
8 2564
8 2564
8 2564
8 2564
8 2564
8 2564
8 2564
8 2564
8 2564
8 2564
8 2564
8 2564
8 2564
8 2564
8 2564
8 2564
8 2564
8 2564
8 2564
8 2564
8 2564
8 2564
8 2564
8 2564
8 2564
8 2564
8 2564
8 2564
8 2564
8 2564
8 2564
8 2564
8 2564
8 2564
8 2564
8 2564
8 2564
8 2564
8 2564
8 2564
8 2564
8 2564
8 2564
8 2564
8 2564
8 2564
8 2564
8 2564
8 2564
8 2564
8 2564
8 2564
8 2564
8 2564
8 2564
8 2564
8 2564
8 2564
8 2564
8 2564
8 2564
8 2564
8 2564
8 2564
8 2564
8 2564
8 2564
8 2564
8 2564
8 2564
8 2564
8 2564
8 2564
8 2564
8 2564
8 2564
8 2564
8 2564
8 2564
8 2564
8 2564
8 2564
8 2564
8 2564
8 2564
8 2564
8 2564
8 2564
8 2564
8 2564
8 2564
8 2564
8 2564
8 2564
8 2564
8 2564
8 2564
8 2564
8 2564
8 2564
8 2564
8 2564
8 2564
8 2564
8 2564
8 2564
8 2564
8 2564
8 2564
8 2564
8 2564
8 2564
8 2564
8 2564
8 2564
8 2564
8 2564
8 2564
8 2564
8 2564
8 2564
8 2564
8 2564
8 2564
8 2564
8 2564
8 2564
8 2564
8 2564
8 2564
8 2564
8 2564
8 2564
8 2564
8 2564
8 2564
8 2564
8 2564
8 2564
8 2564
8 2564
8 2564
8 2564
8 2564
8 2564
8 2564
8 2564
8 2564
8 2564
8 2564
8 2564
8 2564
8 2564
8 2564
8 2564
8 2564
8 2564
8 2564
8 2564
8 2564
8 2564
8 2564
8 2564
8 2564
8 2564
8 2564
8 2564
8 2564
8 2564
8 2564
8 2564
8 2564
8 2564
8 2564
8 2564
8 2564
8 2564
8 2564
8 2564
8 2564
8 2564
8 2564
8 2564
8 2564
8 2564
8 2564
8 2564
8 2564
8 2564
8 2564
8 2564
8 2564
8 2564
8 2564
8 2564
8 2564
8 2564
8 2564
8 2564
8 2564
8 2564
8 2564
8 2564
8 2564
8 2564
8 2564
8 2564
8 2564
8 2564
8 2564
8 2564
8 2564
8 2564
8 2564
8 2564
8 2564
8 2564
8 2564
8 2564
8 2564
8 2564
8 2564
8 2564
8 2564
8 2564
8 2564
8 2564
8 2564
8 2564
8 2564
8 2564
8 2564
8 2564
8 2564
8 2564
8 2564
8 2564
8 2564
8 2564
8 2564
8 2564
8 2564
8 2564
8 2564
8 2564
8 2564
8 2564
8 2564
8 2564
8 2564
8 2564
8 2564
8 2564
8 2564
8 2564
8 2564
8 2564
8 2564
8 2564
8 2564
8 2564
8 2564
8 2564
8 2564
8 2564
8 2564
8 2564
8 2564
8 2564
8 2564
8 2564
8 2564
8 2564
8 2564
8 2564
8 2564
8 2564
8 2564
8 2564
8 2564
8 2564
8 2564
8 2564
8 2564
8 2564
8 2564
8 2564
8 2564
8 2564
8 2564
8 2564
8 2564
8 2564
8 2564
8 2564
8 2564
8 2564
8 2564
8 2564
8 2564
8 2564
8 2564
8 2564
8 2564
8 2564
8 2564
8 2564
8 2564
8 2564
8 2564
8 2564
8 2564
8 2564
8 2564
8 2564
8 2564
8 2564
8 2564
8 2564
8 2564
8 2564
8 2564
8 2564
8 2564
8 2564
8 2564
8 2564
8 2564
8 2564
8 2564
8 2564
8 2564
8 2564
8 2564
8 2564
8 2564
8 2564
8 2564
8 2564
8 2564
8 2564
8 2564
8 2564
8 2564
8 2564
8 2564
8 2564
8 2564
8 2564
8 2564
8 2564
8 2564
8 2564
8 2564
8 2564
8 2564
8 2564
8 2564
8 2564
8 2564
8 2564
8 2564
8 2564
8 2564
8 2564
8 2564
8 2564
8 2564
8 2564
8 2564
8 2564
8 2564
8 2564
8 2564
8 2564
8 2564
8 2564
8 2564
8 2564
8 2564
8 2564
8 2564
8 2564
8 2564
8 2564
8 2564
8 2564
8 2564
8 2564
8 2564
8 2564
8 2564
8 2564
8 2564
8 2564
8 2564
8 2564
8 2564
8 2564
8 2564
8 2564
8 2564
8 2564
8 2564
8 2564
8 2564
8 2564
8 2564
8 2564
8 2564
8 2564
8 2564
8 2564
8 2564
8 2564
8 2564
8 2564
8 2564
8 2564
8 2564
8 2564
8 2564
8 2564
8 2564
8 2564
8 2564
8 2564
8 2564
8 2564
8 2564
8 2564
8 2564
8 2564
8 2564
8 2564
8 2564
8 2564
8 2564
8 2564
8 2564
8 2564
8 2564
8 2564
8 2564
8 2564
8 2564
8 2564
8 2564
8 2564
8 2564
8 2564
8 2564
8 2564
8 2564
8 2564
8 2564
8 2564
8 2564
8 2564
8 2564
8 2564
8 2564
8 2564
8 2564
8 2564
8 2564
8 2564
8 2564
8 2564
8 2564
8 2564
8 2564
8 2564
8 2564
8 2564
8 2564
8 2564
8 2564
8 2564
8 2564
8 2564
8 2564
8 2564
8 2564
8 2564
8 2564
8 2564
8 2564
8 2564
8 2564
8 2564
8 2564
8 2564
8 2564
8 2564
8 2564
8 2564
8 2564
8 2564
8 2564
8 2564
8 2564
8 2564
8 2564
8 2564
8 2564
8 2564
8 2564
8 2564
8 2564
8 2564
8 2564
8 2564
8 2564
8 2564
8 2564
8 2564
8 2564
8 2564
8 2564
8 2564
8 2564
8 2564
8 2564
8 2564
8 2564
8 2564
8 2564
8 2564
8 2564
8 2564
8 2564
8 2564
8 2564
8 2564
8 2564
8 2564
8 2564
8 2564
8 2564
8 2564
8 2564
8 2564
8 2564
8 2564
8 2564
8 2564
8 2564
8 2564
8 2564
8 2564
8 2564
8 2564
8 2564
8 2564
8 2564
8 2564
8 2564
8 2564
8 2564
8 2564
8 2564
8 2564
8 2564
8 2564
8 2564
8 2564
8 2564
8 2564
8 2564
8 2564
8 2564
8 2564
8 2564
8 2564
8 2564
8 2564
8 2564
8 2564
8 2564
8 2564
8 2564
8 2564
8 2564
8 2564
8 2564
8 2564
8 2564
8 2564
8 2564
8 2564
8 2564
8 2564
8 2564
8 2564
8 2564
8 2564
8 2564
8 2564
8 2564
8 2564
8 2564
8 2564
8 2564
8 2564
8 2564
8 2564
8 2564
8 2564
8 2564
8 2564
8 2564
8 2564
8 2564
8 2564
8 2564
8 2564
8 2564
8 2564
8 2564
8 2564
8 2564
8 2564
8 2564
8 2564
8 2564
8 2564
8 2564
8 2564
8 2564
8 2564
8 2564
8 2564
8 2564
8 2564
8 2564
8 2564
8 2564
8 2564
8 2564
8 2564
8 2564
8 2564
8 2564
8 2564
8 2564
8 2564
8 2564
8 2564
8 2564
8 2564
8 2564
8 2564
8 2564
8 2564
8 2564
8 2564
8 2564
8 2564
8 2564
8 2564
8 2564
8 2564
8 2564
8 2564
8 2564
8 2564
8 2564
8 2564
8 2564
8 2564
8 2564
8 2564
8 2564
8 2564
8 2564
8 2564
8 2564
8 2564
8 2564
8 2564
8 2564
8 2564
8 2564
8 2564
8 2564
8 2564
8 2564
8 2564
8 2564
8 2564
8 2564
8 2564
8 2564
8 2564
8 2564
8 2564
8 2564
8 2564
8 2564
8 2564
8 2564
8 2564
8 2564
8 2564
8 2564
8 2564
8 2564
8 2564
8 2564
8 2564
8 2564
8 2564
8 2564
8 2564
8 2564
8 2564
8 2564
8 2564
8 2564
8 2564
8 2564
8 2564
8 2564
8 2564
8 2564
8 2564
8 2564
8 2564
8 2564
8 2564
8 2564
8 2564
8 2564
8 2564
8 2564
8 2564
8 2564
8 2564
8 2564
8 2564
8 2564
8 2564
8 2564
8 2564
8 2564
8 2564
8 2564
8 2564
8 2564
8 2564
8 2564
8 2564
8 2564
8 2564
8 2564
8 2564
8 2564
8 2564
8 2564
8 2564
8 2564
8 2564
8 2564
8 2564
8 2564
8 2564
8 2564
8 2564
8 2564
8 2564
8 2564
8 2564
8 2564
8 2564
8 2564
8 2564
8 2564
8 2564
8 2564
8 2564
8 2564
8 2564
8 2564
8 2564
8 2564
8 2564
8 2564
8 2564
8 2564
8 2564
8 2564
8 2564
8 2564
8 2564
8 2564
8 2564
8 2564
8 2564
8 2564
8 2564
8 2564
8 2564
8 2564
8 2564
8 2564
8 2564
8 2564
8 2564
8 2564
8 2564
8 2564
8 2564
8 2564
8 2564
8 2564
8 2564
8 2564
8 2564
8 2564
8 2564
8 2564
8 2564
8 2564
8 2564
8 2564
8 2564
8 2564
8 2564
8 2564
8 2564
8 2564
8 2564
8 2564
8 2564
8 2564
8 2564
8 2564
8 2564
8 2564
8 2564
8 2564
8 2564
8 2564
8 2564
8 2564
8 2564
8 2564
8 2564
8 2564
