2 22.5
2 27.5
2 22
2 26.6
2 23

3 26.7
3 32.5
3 25
3 29
3 27.5

4 29.5
4 35.5
4 28
4 34.5
4 30
    
5 31
5 39
5 31
5 36.5
5 31.5

6 32
6 40.5
6 31.5
6 37
6 33

8 33.5
8 41
8 31.5
8 37.5
8 33.5

10 34
10 41
10 31.5
10 37.5
10 34

12 34
12 41
12 31.5
12 38
12 34

# uroksia, junnu, viiru, tähti jne.

1.75 20
1.75 19.5
1.75 19
1.75 20
1.75 21

2 22
2 22
2 22
2 22.5
2 24

3 29.5
3 30
3 29
3 31.5
3 31

4 33.5
4 33
4 32.5
4 35
4 33.6

5 34.5
5 33
5 34.5
5 37
5 36.8

6 36.5
6 37
6 35.5
6 39
6 37.5

8 37.5
8 38.5
8 38
8 42
8 39

12 38
12 39
12 38
12 43.5
12 39.5

# vääristys
12 37
12 37
12 37
12 37
12 37
12 37
12 37
12 37
12 37
12 37
12 37
12 37
12 37
12 37
12 37
12 37
12 37
12 37
12 37
12 37
12 37
12 37
12 37
12 37
12 37
12 37
12 37
12 37
12 37
12 37
12 37
12 37
12 37
12 37
12 37
12 37
12 37
12 37
12 37
12 37
12 37
12 37
12 37
12 37
12 37
12 37
12 37
12 37
12 37
12 37
12 37
12 37
12 37
12 37
12 37
12 37
12 37
12 37
12 37
12 37
12 37
12 37
12 37
12 37
12 37
12 37
12 37
12 37
12 37
12 37
12 37
12 37
12 37
12 37
12 37
12 37
12 37
12 37
12 37
12 37
12 37
12 37
12 37
12 37
12 37
12 37
12 37
12 37
12 37
12 37
12 37
12 37
12 37
12 37
12 37
12 37
12 37
12 37
12 37
12 37
12 37
12 37
12 37
12 37
12 37
12 37
12 37
12 37
12 37
12 37
12 37
12 37
12 37
12 37
12 37
12 37
12 37
12 37
12 37
12 37
12 37
12 37
12 37
12 37
12 37
12 37
12 37
12 37
12 37
12 37
12 37
12 37
12 37
12 37
12 37
12 37
12 37
12 37
12 37
12 37
12 37
12 37
12 37
12 37
12 37
12 37
12 37
12 37
12 37
12 37
12 37
12 37
12 37
12 37
12 37
12 37
12 37
12 37
12 37
12 37
12 37
12 37
12 37
12 37
12 37
12 37
12 37
12 37
12 37
12 37
12 37
12 37
12 37
12 37
12 37
12 37
12 37
12 37
12 37
12 37
12 37
12 37
12 37
12 37
12 37
12 37
12 37
12 37
12 37
12 37
12 37
12 37
12 37
12 37
12 37
12 37
12 37
12 37
12 37
12 37
12 37
12 37
12 37
12 37
12 37
12 37
12 37
12 37
12 37
12 37
12 37
12 37
12 37
12 37
12 37
12 37
12 37
12 37
12 37
12 37
12 37
12 37
12 37
12 37
12 37
12 37
12 37
12 37
12 37
12 37
12 37
12 37
12 37
12 37
12 37
12 37
12 37
12 37
12 37
12 37
12 37
12 37
12 37
12 37
12 37
12 37
12 37
12 37
12 37
12 37
12 37
12 37
12 37
12 37
12 37
12 37
12 37
12 37
12 37
12 37
12 37
12 37
12 37
12 37
12 37
12 37
12 37
12 37
12 37
12 37
12 37
12 37
12 37
12 37
12 37
12 37
12 37
12 37
12 37
12 37
12 37
12 37
12 37
12 37
12 37
12 37
12 37
12 37
12 37
12 37
12 37
12 37
12 37
12 37
12 37
12 37
12 37
12 37
12 37
12 37
12 37
12 37
12 37
12 37
12 37
12 37
12 37
12 37
12 37
12 37
12 37
12 37
12 37
12 37
12 37
12 37
12 37
12 37
12 37
12 37
12 37
12 37
12 37
12 37
12 37
12 37
12 37
12 37
12 37
12 37
12 37
12 37
12 37
12 37
12 37
12 37
12 37
12 37
12 37
12 37
12 37
12 37
12 37
12 37
12 37
12 37
12 37
12 37
12 37
12 37
12 37
12 37
12 37
12 37
12 37
12 37
12 37
12 37
12 37
12 37
12 37
12 37
12 37
12 37
12 37
12 37
12 37
12 37
12 37
12 37
12 37
12 37
12 37
12 37
12 37
12 37
12 37
12 37
12 37
12 37
12 37
12 37
12 37
12 37
12 37
12 37
12 37
12 37
12 37
12 37
12 37
12 37
12 37
12 37
12 37
12 37
12 37
12 37
12 37
12 37
12 37
12 37
12 37
12 37
12 37
12 37
12 37
12 37
12 37
12 37
12 37
12 37
12 37
12 37
12 37
12 37
12 37
12 37
12 37
12 37
12 37
12 37
12 37
12 37
12 37
12 37
12 37
12 37
12 37
12 37
12 37
12 37
12 37
12 37
12 37
12 37
12 37
12 37
12 37
12 37
12 37
12 37
12 37
12 37
12 37
12 37
12 37
12 37
12 37
12 37
12 37
12 37
12 37
12 37
12 37
12 37
12 37
12 37
12 37
12 37
12 37
12 37
12 37
12 37
12 37
12 37
12 37
12 37
12 37
12 37
12 37
12 37
12 37
12 37
12 37
12 37
12 37
12 37
12 37
12 37
12 37
12 37
12 37
12 37
12 37
12 37
12 37
12 37
12 37
12 37
12 37
12 37
12 37
12 37
12 37
12 37
12 37
12 37
12 37
12 37
12 37
12 37
12 37
12 37
12 37
12 37
12 37
12 37
12 37
12 37
12 37
12 37
12 37
12 37
12 37
12 37
12 37
12 37
12 37
12 37
12 37
12 37
12 37
12 37
12 37
12 37
12 37
12 37
12 37
12 37
12 37
12 37
12 37
12 37
12 37
12 37
12 37
12 37
12 37
12 37
12 37
12 37
12 37
12 37
12 37
12 37
12 37
12 37
12 37
12 37
12 37
12 37
12 37
12 37
12 37
12 37
12 37
12 37
12 37
12 37
12 37
12 37
12 37
12 37
12 37
12 37
12 37
12 37
12 37
12 37
12 37
12 37
12 37
12 37
12 37
12 37
12 37
12 37
12 37
12 37
12 37
12 37
12 37
12 37
12 37
12 37
12 37
12 37
12 37
12 37
12 37
12 37
12 37
12 37
12 37
12 37
12 37
12 37
12 37
12 37
12 37
12 37
12 37
12 37
12 37
12 37
12 37
12 37
12 37
12 37
12 37
12 37
12 37
12 37
12 37
12 37
12 37
12 37
12 37
12 37
12 37
12 37
12 37
12 37
12 37
12 37
12 37
12 37
12 37
12 37
12 37
12 37
12 37
12 37
12 37
12 37
12 37
12 37
12 37
12 37
12 37
12 37
12 37
12 37
12 37
12 37
12 37
12 37
12 37
12 37
12 37
12 37
12 37
12 37
12 37
12 37
12 37
12 37
12 37
12 37
12 37
12 37
12 37
12 37
12 37
12 37
12 37
12 37
12 37
12 37
12 37
12 37
12 37
12 37
12 37
12 37
12 37
12 37
12 37
12 37
12 37
12 37
12 37
12 37
12 37
12 37
12 37
12 37
12 37
12 37
12 37
12 37
12 37
12 37
12 37
12 37
12 37
12 37
12 37
12 37
12 37
12 37
12 37
12 37
12 37
12 37
12 37
12 37
12 37
12 37
12 37
12 37
12 37
12 37
12 37
12 37
12 37
12 37
12 37
12 37
12 37
12 37
12 37
12 37
12 37
12 37
12 37
12 37
12 37
12 37
12 37
12 37
12 37
12 37
12 37
12 37
12 37
12 37
12 37
12 37
12 37
12 37
12 37
12 37
12 37
12 37
12 37
12 37
12 37
12 37
12 37
12 37
12 37
12 37
12 37
12 37
12 37
12 37
12 37
12 37
12 37
12 37
12 37
12 37
12 37
12 37
12 37
12 37
12 37
12 37
12 37
12 37
12 37
12 37
12 37
12 37
12 37
12 37
12 37
12 37
12 37
12 37
12 37
12 37
12 37
12 37
12 37
12 37
12 37
12 37
12 37
12 37
12 37
12 37
12 37
12 37
12 37
12 37
12 37
12 37
12 37
12 37
12 37
12 37
12 37
12 37
12 37
12 37
12 37
12 37
12 37
12 37
12 37
12 37
12 37
12 37
12 37
12 37
12 37
12 37
12 37
12 37
12 37
12 37
12 37
12 37
12 37
12 37
12 37
12 37
12 37
12 37
12 37
12 37
12 37
12 37
12 37
12 37
12 37
12 37
12 37
12 37
12 37
12 37
12 37
12 37
12 37
12 37
12 37
12 37
12 37
12 37
12 37
12 37
12 37
12 37
12 37
12 37
12 37
12 37
12 37
12 37
12 37
12 37
12 37
12 37
12 37
12 37
12 37
12 37
12 37
12 37
12 37
12 37
12 37
12 37
12 37
12 37
12 37
12 37
12 37
12 37
12 37
12 37
12 37
12 37
12 37
12 37
12 37
12 37
12 37
12 37
12 37
12 37
12 37
12 37
12 37
12 37
12 37
12 37
12 37
12 37
12 37
12 37
12 37
12 37
12 37
12 37
12 37
12 37
12 37
12 37
12 37
12 37
12 37
12 37
12 37
12 37
12 37
12 37
12 37
12 37
12 37
12 37
12 37
12 37
12 37
12 37
12 37
12 37
12 37
12 37
12 37
12 37
12 37
12 37
12 37
12 37
12 37
12 37
12 37
12 37
12 37
12 37
12 37
12 37
12 37
12 37
12 37
12 37
12 37
12 37
12 37
12 37
12 37
12 37
12 37
12 37
12 37
12 37
12 37
12 37
12 37
12 37
12 37
12 37
12 37
12 37
12 37
12 37
12 37
12 37
12 37
12 37
12 37
12 37
12 37
12 37
12 37
12 37
12 37
12 37
12 37
12 37
12 37
12 37
12 37
12 37
12 37
12 37
12 37
12 37
12 37
12 37
12 37
12 37
12 37
12 37
12 37
12 37
12 37
12 37
12 37
12 37
12 37
12 37
12 37
12 37
12 37
12 37
12 37
12 37
12 37
12 37
12 37
12 37
12 37
12 37
12 37
12 37
12 37
12 37
12 37
12 37
12 37
12 37
12 37
12 37
12 37
12 37
12 37
12 37
12 37
12 37
12 37
12 37
12 37
12 37
12 37
12 37
12 37
12 37
12 37
12 37
12 37
12 37
12 37
12 37
12 37
12 37
12 37
12 37
12 37
12 37
12 37
12 37
12 37
12 37
12 37
12 37
12 37
12 37
12 37
12 37
12 37
12 37
12 37
12 37
12 37
12 37
12 37
12 37
12 37
12 37
12 37
12 37
12 37
12 37
12 37
12 37
12 37
12 37
12 37
12 37
12 37
12 37
12 37
12 37
12 37
12 37
12 37
12 37
12 37
12 37
12 37
12 37
12 37
12 37
12 37
12 37
12 37
12 37
12 37
12 37
12 37
12 37
12 37
12 37
12 37
12 37
12 37
12 37
12 37
12 37
12 37
12 37
12 37
12 37
12 37
12 37
12 37
12 37
12 37
12 37
12 37
12 37
12 37
12 37
12 37
12 37
12 37
12 37
12 37
12 37
12 37
12 37
12 37
12 37
12 37
12 37
12 37
12 37
12 37
12 37
12 37
12 37
12 37
12 37
12 37
12 37
12 37
12 37
12 37
12 37
12 37
12 37
12 37
12 37
12 37
12 37
12 37
12 37
12 37
12 37
12 37
12 37
12 37
12 37
12 37
12 37
12 37
12 37
12 37
12 37
12 37
12 37
12 37
12 37
12 37
12 37
12 37
12 37
12 37
12 37
12 37
12 37
12 37
12 37
12 37
12 37
12 37
12 37
12 37
12 37
12 37
12 37
12 37
12 37
12 37
12 37
12 37
12 37
12 37
12 37
12 37
12 37
12 37
12 37
12 37
12 37
12 37
12 37
12 37
12 37
12 37
12 37
12 37
12 37
12 37
12 37
12 37
12 37
12 37
12 37
12 37
12 37
12 37
12 37
12 37
12 37
12 37
12 37
12 37
12 37
12 37
12 37
12 37
12 37
12 37
12 37
12 37
12 37
12 37
12 37
12 37
12 37
12 37
12 37
12 37
12 37
12 37
12 37
12 37
12 37
12 37
12 37
12 37
12 37
12 37
12 37
12 37
12 37
12 37
12 37
12 37
12 37
12 37
12 37
12 37
12 37
12 37
12 37
12 37
12 37
12 37
12 37
12 37
12 37
12 37
12 37
12 37
12 37
12 37
12 37
12 37
12 37
12 37
12 37
12 37
12 37
12 37
12 37
12 37
12 37
12 37
12 37
12 37
12 37
12 37
12 37
12 37
12 37
12 37
12 37
12 37
12 37
12 37
12 37
12 37
12 37
12 37
12 37
12 37
12 37
12 37
12 37
12 37
12 37
12 37
12 37
12 37
12 37
12 37
12 37
12 37
12 37
12 37
12 37
12 37
12 37
12 37
12 37
12 37
12 37
12 37
12 37
12 37
12 37
12 37
12 37
12 37
12 37
12 37
12 37
12 37
12 37
12 37
12 37
12 37
12 37
12 37
12 37
12 37
12 37
12 37
12 37
12 37
12 37
12 37
12 37
12 37
12 37
12 37
12 37
12 37
12 37
12 37
12 37
12 37
12 37
12 37
12 37
12 37
12 37
12 37
12 37
12 37
12 37
12 37
12 37
12 37
12 37
12 37
12 37
12 37
12 37
12 37
12 37
12 37
12 37
12 37
12 37
12 37
12 37
12 37
12 37
12 37
12 37
12 37
12 37
12 37
12 37
12 37
12 37
12 37
12 37
12 37
12 37
12 37
12 37
12 37
12 37
12 37
12 37
12 37
12 37
12 37
12 37
12 37
12 37
12 37
12 37
12 37
12 37
12 37
12 37
12 37
12 37
12 37
12 37
12 37
12 37
12 37
12 37
12 37
12 37
12 37
12 37
12 37
12 37
12 37
12 37
12 37
12 37
12 37
12 37
12 37
12 37
12 37
12 37
12 37
12 37
12 37
12 37
12 37
12 37
12 37
12 37
12 37
12 37
12 37
12 37
12 37
12 37
12 37
12 37
12 37
12 37
12 37
12 37
12 37
12 37
12 37
12 37
12 37
12 37
12 37
12 37
12 37
12 37
12 37
12 37
12 37
12 37
12 37
12 37
12 37
12 37
12 37
12 37
12 37
12 37
12 37
12 37
12 37
12 37
12 37
12 37
12 37
12 37
12 37
12 37
12 37
12 37
12 37
12 37
12 37
12 37
12 37
12 37
12 37
12 37
12 37
12 37
12 37
12 37
12 37
12 37
12 37
12 37
12 37
12 37
12 37
12 37
12 37
12 37
12 37
12 37
12 37
12 37
12 37
12 37
12 37
12 37
12 37
12 37
12 37
12 37
12 37
12 37
12 37
12 37
12 37
12 37
12 37
12 37
12 37
12 37
12 37
12 37
12 37
12 37
12 37
12 37
12 37
12 37
12 37
12 37
12 37
12 37
12 37
12 37
12 37
12 37
12 37
12 37
12 37
12 37
12 37
12 37
12 37
12 37
12 37
12 37
12 37
12 37
12 37
12 37
12 37
12 37
12 37
12 37
12 37
12 37
12 37
12 37
12 37
12 37
12 37
12 37
12 37
12 37
12 37
12 37
12 37
12 37
12 37
12 37
12 37
12 37
12 37
12 37
12 37
12 37
12 37
12 37
12 37
12 37
12 37
12 37
12 37
12 37
12 37
12 37
12 37
12 37
12 37
12 37
12 37
12 37
12 37
12 37
12 37
12 37
12 37
12 37
12 37
12 37
12 37
12 37
12 37
12 37
12 37
12 37
12 37
12 37
12 37
12 37
12 37
12 37
12 37
12 37
12 37
12 37
12 37
12 37
12 37
12 37
12 37
